--- PLUS ---
111
112
113
114
115
116
117
118
119
122
123
124
125
126
127
128
129
133
134
135
136
137
138
139
144
145
146
147
148
149
155
156
157
158
159
166
167
168
169
177
178
179
188
189
199
--- MINUS ---
111
110
100
--- PLUS ---
222
223
224
225
226
227
228
229
233
234
235
236
237
238
239
244
245
246
247
248
249
255
256
257
258
259
266
267
268
269
277
278
279
288
289
299
--- MINUS ---
222
221
220
211
210
200
--- PLUS ---
333
334
335
336
337
338
339
344
345
346
347
348
349
355
356
357
358
359
366
367
368
369
377
378
379
388
389
399
--- MINUS ---
333
332
331
330
322
321
320
311
310
300
--- PLUS ---
444
445
446
447
448
449
455
456
457
458
459
466
467
468
469
477
478
479
488
489
499
--- MINUS ---
444
443
442
441
440
433
432
431
430
422
421
420
411
410
400
--- PLUS ---
555
556
557
558
559
566
567
568
569
577
578
579
588
589
599
--- MINUS ---
555
554
553
552
551
550
544
543
542
541
540
533
532
531
530
522
521
520
511
510
500
--- PLUS ---
666
667
668
669
677
678
679
688
689
699
--- MINUS ---
666
665
664
663
662
661
660
655
654
653
652
651
650
644
643
642
641
640
633
632
631
630
622
621
620
611
610
600
--- PLUS ---
777
778
779
788
789
799
--- MINUS ---
777
776
775
774
773
772
771
770
766
765
764
763
762
761
760
755
754
753
752
751
750
744
743
742
741
740
733
732
731
730
722
721
720
711
710
700
--- PLUS ---
888
889
899
--- MINUS ---
888
887
886
885
884
883
882
881
880
877
876
875
874
873
872
871
870
866
865
864
863
862
861
860
855
854
853
852
851
850
844
843
842
841
840
833
832
831
830
822
821
820
811
810
800
--- PLUS ---
999
--- MINUS ---
999
998
997
996
995
994
993
992
991
990
988
987
986
985
984
983
982
981
980
977
976
975
974
973
972
971
970
966
965
964
963
962
961
960
955
954
953
952
951
950
944
943
942
941
940
933
932
931
930
922
921
920
911
910
900
f(10^3) = 475
--- PLUS ---
1111
1112
1113
1114
1115
1116
1117
1118
1119
1122
1123
1124
1125
1126
1127
1128
1129
1133
1134
1135
1136
1137
1138
1139
1144
1145
1146
1147
1148
1149
1155
1156
1157
1158
1159
1166
1167
1168
1169
1177
1178
1179
1188
1189
1199
1222
1223
1224
1225
1226
1227
1228
1229
1233
1234
1235
1236
1237
1238
1239
1244
1245
1246
1247
1248
1249
1255
1256
1257
1258
1259
1266
1267
1268
1269
1277
1278
1279
1288
1289
1299
1333
1334
1335
1336
1337
1338
1339
1344
1345
1346
1347
1348
1349
1355
1356
1357
1358
1359
1366
1367
1368
1369
1377
1378
1379
1388
1389
1399
1444
1445
1446
1447
1448
1449
1455
1456
1457
1458
1459
1466
1467
1468
1469
1477
1478
1479
1488
1489
1499
1555
1556
1557
1558
1559
1566
1567
1568
1569
1577
1578
1579
1588
1589
1599
1666
1667
1668
1669
1677
1678
1679
1688
1689
1699
1777
1778
1779
1788
1789
1799
1888
1889
1899
1999
--- MINUS ---
1111
1110
1100
1000
--- PLUS ---
2222
2223
2224
2225
2226
2227
2228
2229
2233
2234
2235
2236
2237
2238
2239
2244
2245
2246
2247
2248
2249
2255
2256
2257
2258
2259
2266
2267
2268
2269
2277
2278
2279
2288
2289
2299
2333
2334
2335
2336
2337
2338
2339
2344
2345
2346
2347
2348
2349
2355
2356
2357
2358
2359
2366
2367
2368
2369
2377
2378
2379
2388
2389
2399
2444
2445
2446
2447
2448
2449
2455
2456
2457
2458
2459
2466
2467
2468
2469
2477
2478
2479
2488
2489
2499
2555
2556
2557
2558
2559
2566
2567
2568
2569
2577
2578
2579
2588
2589
2599
2666
2667
2668
2669
2677
2678
2679
2688
2689
2699
2777
2778
2779
2788
2789
2799
2888
2889
2899
2999
--- MINUS ---
2222
2221
2220
2211
2210
2200
2111
2110
2100
2000
--- PLUS ---
3333
3334
3335
3336
3337
3338
3339
3344
3345
3346
3347
3348
3349
3355
3356
3357
3358
3359
3366
3367
3368
3369
3377
3378
3379
3388
3389
3399
3444
3445
3446
3447
3448
3449
3455
3456
3457
3458
3459
3466
3467
3468
3469
3477
3478
3479
3488
3489
3499
3555
3556
3557
3558
3559
3566
3567
3568
3569
3577
3578
3579
3588
3589
3599
3666
3667
3668
3669
3677
3678
3679
3688
3689
3699
3777
3778
3779
3788
3789
3799
3888
3889
3899
3999
--- MINUS ---
3333
3332
3331
3330
3322
3321
3320
3311
3310
3300
3222
3221
3220
3211
3210
3200
3111
3110
3100
3000
--- PLUS ---
4444
4445
4446
4447
4448
4449
4455
4456
4457
4458
4459
4466
4467
4468
4469
4477
4478
4479
4488
4489
4499
4555
4556
4557
4558
4559
4566
4567
4568
4569
4577
4578
4579
4588
4589
4599
4666
4667
4668
4669
4677
4678
4679
4688
4689
4699
4777
4778
4779
4788
4789
4799
4888
4889
4899
4999
--- MINUS ---
4444
4443
4442
4441
4440
4433
4432
4431
4430
4422
4421
4420
4411
4410
4400
4333
4332
4331
4330
4322
4321
4320
4311
4310
4300
4222
4221
4220
4211
4210
4200
4111
4110
4100
4000
--- PLUS ---
5555
5556
5557
5558
5559
5566
5567
5568
5569
5577
5578
5579
5588
5589
5599
5666
5667
5668
5669
5677
5678
5679
5688
5689
5699
5777
5778
5779
5788
5789
5799
5888
5889
5899
5999
--- MINUS ---
5555
5554
5553
5552
5551
5550
5544
5543
5542
5541
5540
5533
5532
5531
5530
5522
5521
5520
5511
5510
5500
5444
5443
5442
5441
5440
5433
5432
5431
5430
5422
5421
5420
5411
5410
5400
5333
5332
5331
5330
5322
5321
5320
5311
5310
5300
5222
5221
5220
5211
5210
5200
5111
5110
5100
5000
--- PLUS ---
6666
6667
6668
6669
6677
6678
6679
6688
6689
6699
6777
6778
6779
6788
6789
6799
6888
6889
6899
6999
--- MINUS ---
6666
6665
6664
6663
6662
6661
6660
6655
6654
6653
6652
6651
6650
6644
6643
6642
6641
6640
6633
6632
6631
6630
6622
6621
6620
6611
6610
6600
6555
6554
6553
6552
6551
6550
6544
6543
6542
6541
6540
6533
6532
6531
6530
6522
6521
6520
6511
6510
6500
6444
6443
6442
6441
6440
6433
6432
6431
6430
6422
6421
6420
6411
6410
6400
6333
6332
6331
6330
6322
6321
6320
6311
6310
6300
6222
6221
6220
6211
6210
6200
6111
6110
6100
6000
--- PLUS ---
7777
7778
7779
7788
7789
7799
7888
7889
7899
7999
--- MINUS ---
7777
7776
7775
7774
7773
7772
7771
7770
7766
7765
7764
7763
7762
7761
7760
7755
7754
7753
7752
7751
7750
7744
7743
7742
7741
7740
7733
7732
7731
7730
7722
7721
7720
7711
7710
7700
7666
7665
7664
7663
7662
7661
7660
7655
7654
7653
7652
7651
7650
7644
7643
7642
7641
7640
7633
7632
7631
7630
7622
7621
7620
7611
7610
7600
7555
7554
7553
7552
7551
7550
7544
7543
7542
7541
7540
7533
7532
7531
7530
7522
7521
7520
7511
7510
7500
7444
7443
7442
7441
7440
7433
7432
7431
7430
7422
7421
7420
7411
7410
7400
7333
7332
7331
7330
7322
7321
7320
7311
7310
7300
7222
7221
7220
7211
7210
7200
7111
7110
7100
7000
--- PLUS ---
8888
8889
8899
8999
--- MINUS ---
8888
8887
8886
8885
8884
8883
8882
8881
8880
8877
8876
8875
8874
8873
8872
8871
8870
8866
8865
8864
8863
8862
8861
8860
8855
8854
8853
8852
8851
8850
8844
8843
8842
8841
8840
8833
8832
8831
8830
8822
8821
8820
8811
8810
8800
8777
8776
8775
8774
8773
8772
8771
8770
8766
8765
8764
8763
8762
8761
8760
8755
8754
8753
8752
8751
8750
8744
8743
8742
8741
8740
8733
8732
8731
8730
8722
8721
8720
8711
8710
8700
8666
8665
8664
8663
8662
8661
8660
8655
8654
8653
8652
8651
8650
8644
8643
8642
8641
8640
8633
8632
8631
8630
8622
8621
8620
8611
8610
8600
8555
8554
8553
8552
8551
8550
8544
8543
8542
8541
8540
8533
8532
8531
8530
8522
8521
8520
8511
8510
8500
8444
8443
8442
8441
8440
8433
8432
8431
8430
8422
8421
8420
8411
8410
8400
8333
8332
8331
8330
8322
8321
8320
8311
8310
8300
8222
8221
8220
8211
8210
8200
8111
8110
8100
8000
--- PLUS ---
9999
--- MINUS ---
9999
9998
9997
9996
9995
9994
9993
9992
9991
9990
9988
9987
9986
9985
9984
9983
9982
9981
9980
9977
9976
9975
9974
9973
9972
9971
9970
9966
9965
9964
9963
9962
9961
9960
9955
9954
9953
9952
9951
9950
9944
9943
9942
9941
9940
9933
9932
9931
9930
9922
9921
9920
9911
9910
9900
9888
9887
9886
9885
9884
9883
9882
9881
9880
9877
9876
9875
9874
9873
9872
9871
9870
9866
9865
9864
9863
9862
9861
9860
9855
9854
9853
9852
9851
9850
9844
9843
9842
9841
9840
9833
9832
9831
9830
9822
9821
9820
9811
9810
9800
9777
9776
9775
9774
9773
9772
9771
9770
9766
9765
9764
9763
9762
9761
9760
9755
9754
9753
9752
9751
9750
9744
9743
9742
9741
9740
9733
9732
9731
9730
9722
9721
9720
9711
9710
9700
9666
9665
9664
9663
9662
9661
9660
9655
9654
9653
9652
9651
9650
9644
9643
9642
9641
9640
9633
9632
9631
9630
9622
9621
9620
9611
9610
9600
9555
9554
9553
9552
9551
9550
9544
9543
9542
9541
9540
9533
9532
9531
9530
9522
9521
9520
9511
9510
9500
9444
9443
9442
9441
9440
9433
9432
9431
9430
9422
9421
9420
9411
9410
9400
9333
9332
9331
9330
9322
9321
9320
9311
9310
9300
9222
9221
9220
9211
9210
9200
9111
9110
9100
9000
f(10^4) = 1675

