1, 
1, 1, 
1, 3, 2, 
1, 6, 11, 6, 
1, 10, 35, 50, 24, 
1, 15, 85, 225, 274, 120, 
1, 21, 175, 735, 1624, 1764, 720, 
1, 28, 322, 1960, 6769, 13132, 13068, 5040, 
1, 36, 546, 4536, 22449, 67284, 118124, 109584, 40320, 
1, 45, 870, 9450, 63273, 269325, 723680, 1172700, 1026576, 362880, 
1, 55, 1320, 18150, 157773, 902055, 3416930, 8409500, 12753576, 10628640, 3628800, 
1, 66, 1925, 32670, 357423, 2637558, 13339535, 45995730, 105258076, 150917976, 120543840, 39916800, 
1, 78, 2717, 55770, 749463, 6926634, 44990231, 206070150, 657206836, 1414014888, 1931559552, 1486442880, 479001600, 
1, 91, 3731, 91091, 1474473, 16669653, 135036473, 790943153, 3336118786, 9957703756, 20313753096, 26596717056, 19802759040, 6227020800, 
1, 105, 5005, 143325, 2749747, 37312275, 368411615, 2681453775, 14409322928, 56663366760, 159721605680, 310989260400, 392156797824, 283465647360, 87178291200, 
1, 120, 6580, 218400, 4899622, 78558480, 928095740, 8207628000, 54631129553, 272803210680, 1009672107080, 2706813345600, 5056995703824, 6165817614720, 4339163001600, 1307674368000,